Classification report of model
              precision    recall  f1-score   support

           0       0.96      0.99      0.97       980
           1       0.99      0.99      0.99      1135
           2       0.98      0.96      0.97      1032
           3       0.98      0.96      0.97      1010
           4       0.98      0.97      0.97       982
           5       0.97      0.98      0.97       892
           6       0.98      0.98      0.98       958
           7       0.96      0.97      0.97      1028
           8       0.96      0.96      0.96       974
           9       0.96      0.96      0.96      1009

    accuracy                           0.97     10000
   macro avg       0.97      0.97      0.97     10000
weighted avg       0.97      0.97      0.97     10000

Classification report of model (adversarial)
              precision    recall  f1-score   support

           0       0.96      0.99      0.97       980
           1       0.99      0.99      0.99      1135
           2       0.98      0.95      0.96      1032
           3       0.96      0.95      0.96      1010
           4       0.97      0.97      0.97       982
           5       0.95      0.97      0.96       892
           6       0.98      0.98      0.98       958
           7       0.95      0.97      0.96      1028
           8       0.97      0.93      0.95       974
           9       0.95      0.96      0.95      1009

    accuracy                           0.97     10000
   macro avg       0.97      0.97      0.97     10000
weighted avg       0.97      0.97      0.97     10000

Classification report of model (only perturbs)
              precision    recall  f1-score   support

           0       0.13      0.02      0.04       980
           1       0.11      0.01      0.02      1135
           2       0.10      0.09      0.10      1032
           3       0.09      0.13      0.10      1010
           4       0.09      0.06      0.07       982
           5       0.09      0.12      0.10       892
           6       0.11      0.06      0.08       958
           7       0.09      0.06      0.07      1028
           8       0.10      0.34      0.16       974
           9       0.10      0.09      0.10      1009

    accuracy                           0.10     10000
   macro avg       0.10      0.10      0.08     10000
weighted avg       0.10      0.10      0.08     10000

Confusion matrix: True and Predicted
[[ 968    0    1    0    1    1    1    1    5    2]
 [   0 1123    2    1    0    1    4    0    4    0]
 [   9    2  986    5    3    0    1   16   10    0]
 [   2    0    4  974    0   12    0    6   10    2]
 [   2    0    1    0  951    0    4    2    2   20]
 [   5    0    1    7    0  871    5    1    2    0]
 [   8    2    0    0    6    1  939    0    2    0]
 [   2    5    9    3    0    0    0  997    1   11]
 [   6    0    2    4    3    3    3    7  936   10]
 [   4    6    0    3   11   10    0    4    0  971]]
Confusion matrix: True and Adversarial Predicted
[[ 968    0    2    0    1    1    2    1    3    2]
 [   0 1123    2    3    0    0    3    1    3    0]
 [   9    2  978    6    2    0    3   22    9    1]
 [   2    0    4  955    0   25    0   10    9    5]
 [   1    0    2    0  954    0    3    1    1   20]
 [   7    0    0    8    0  867    5    2    2    1]
 [   8    2    0    0    6    3  937    0    2    0]
 [   1    5    6    3    1    0    0 1001    1   10]
 [   8    1    5   12    4    5    5    9  909   16]
 [   3    5    0    3   14    9    1    8    0  966]]
Confusion matrix difference: Adversarial - Predicted
[[  0   0   1   0   0   0   1   0  -2   0]
 [  0   0   0   2   0  -1  -1   1  -1   0]
 [  0   0  -8   1  -1   0   2   6  -1   1]
 [  0   0   0 -19   0  13   0   4  -1   3]
 [ -1   0   1   0   3   0  -1  -1  -1   0]
 [  2   0  -1   1   0  -4   0   1   0   1]
 [  0   0   0   0   0   2  -2   0   0   0]
 [ -1   0  -3   0   1   0   0   4   0  -1]
 [  2   1   3   8   1   2   2   2 -27   6]
 [ -1  -1   0   0   3  -1   1   4   0  -5]]
Confusion matrix: True and Perturbations
[[ 21  15  92 127  60 115  56  72 347  75]
 [ 24  16 112 165  82 123  65  92 349 107]
 [ 18  14  97 141  68 117  63  73 356  85]
 [ 12  15  95 127  70 137  46  71 335 102]
 [ 21  16  93 154  61 118  46  70 298 105]
 [ 12  14  95 128  58 106  47  75 271  86]
 [  8  10  94 148  68 111  59  68 300  92]
 [ 21  24 100 159  54 130  54  63 351  72]
 [ 17  15 103 120  54 121  54  59 334  97]
 [ 11   6  93 152  72 121  67  64 329  94]]
Confusion matrix difference: Adversarial - Perturbations
[[ 947  -15  -90 -127  -59 -114  -54  -71 -344  -73]
 [ -24 1107 -110 -162  -82 -123  -62  -91 -346 -107]
 [  -9  -12  881 -135  -66 -117  -60  -51 -347  -84]
 [ -10  -15  -91  828  -70 -112  -46  -61 -326  -97]
 [ -20  -16  -91 -154  893 -118  -43  -69 -297  -85]
 [  -5  -14  -95 -120  -58  761  -42  -73 -269  -85]
 [   0   -8  -94 -148  -62 -108  878  -68 -298  -92]
 [ -20  -19  -94 -156  -53 -130  -54  938 -350  -62]
 [  -9  -14  -98 -108  -50 -116  -49  -50  575  -81]
 [  -8   -1  -93 -149  -58 -112  -66  -56 -329  872]]
