Classification report of model
              precision    recall  f1-score   support

           0       0.93      0.98      0.96       980
           1       0.97      0.97      0.97      1135
           2       0.93      0.92      0.93      1032
           3       0.91      0.92      0.91      1010
           4       0.93      0.93      0.93       982
           5       0.91      0.89      0.90       892
           6       0.93      0.95      0.94       958
           7       0.95      0.91      0.93      1028
           8       0.89      0.90      0.89       974
           9       0.92      0.91      0.92      1009

    accuracy                           0.93     10000
   macro avg       0.93      0.93      0.93     10000
weighted avg       0.93      0.93      0.93     10000

Classification report of model (adversarial)
              precision    recall  f1-score   support

           0       0.93      0.98      0.96       980
           1       0.97      0.97      0.97      1135
           2       0.91      0.92      0.91      1032
           3       0.90      0.90      0.90      1010
           4       0.92      0.92      0.92       982
           5       0.89      0.87      0.88       892
           6       0.95      0.94      0.94       958
           7       0.95      0.90      0.92      1028
           8       0.88      0.89      0.88       974
           9       0.91      0.91      0.91      1009

    accuracy                           0.92     10000
   macro avg       0.92      0.92      0.92     10000
weighted avg       0.92      0.92      0.92     10000

Classification report of model (only perturbs)
              precision    recall  f1-score   support

           0       0.11      0.05      0.07       980
           1       0.11      0.01      0.02      1135
           2       0.11      0.12      0.11      1032
           3       0.10      0.34      0.15      1010
           4       0.10      0.11      0.10       982
           5       0.09      0.08      0.08       892
           6       0.11      0.07      0.09       958
           7       0.08      0.08      0.08      1028
           8       0.09      0.05      0.06       974
           9       0.11      0.07      0.09      1009

    accuracy                           0.10     10000
   macro avg       0.10      0.10      0.09     10000
weighted avg       0.10      0.10      0.08     10000

Confusion matrix: True and Predicted
[[ 963    0    2    2    0    3    7    1    2    0]
 [   0 1106    3    2    0    2    4    2   16    0]
 [  11    6  951   10   10    1   12    9   19    3]
 [   5    0   21  927    0   22    3   10   18    4]
 [   1    1    5    2  916    2   12    2    8   33]
 [  11    1    1   34    4  792   13    3   27    6]
 [  11    3    4    0   10   15  909    1    5    0]
 [   5    7   29    9    7    2    0  940    2   27]
 [  10    5    6   24    8   21   13    8  874    5]
 [  13    8    2   12   26    7    0   10    9  922]]
Confusion matrix: True and Adversarial Predicted
[[ 962    0    2    2    0    5    6    2    1    0]
 [   0 1102    5    4    0    3    2    1   18    0]
 [  13    6  945   12   12    1    8   12   18    5]
 [   5    1   21  910    0   34    4   12   20    3]
 [   1    1    7    3  905    5    9    1   12   38]
 [  13    2    5   31   11  780   11    6   27    6]
 [  14    3    5    1   10   17  902    0    6    0]
 [   4    6   37   10    8    1    0  924    3   35]
 [  10    4    9   29    8   26   11    8  864    5]
 [  11    6    2   10   32    8    1    8   15  916]]
Confusion matrix difference: Adversarial - Predicted
[[ -1   0   0   0   0   2  -1   1  -1   0]
 [  0  -4   2   2   0   1  -2  -1   2   0]
 [  2   0  -6   2   2   0  -4   3  -1   2]
 [  0   1   0 -17   0  12   1   2   2  -1]
 [  0   0   2   1 -11   3  -3  -1   4   5]
 [  2   1   4  -3   7 -12  -2   3   0   0]
 [  3   0   1   1   0   2  -7  -1   1   0]
 [ -1  -1   8   1   1  -1   0 -16   1   8]
 [  0  -1   3   5   0   5  -2   0 -10   0]
 [ -2  -2   0  -2   6   1   1  -2   6  -6]]
Confusion matrix: True and Perturbations
[[ 53  14 110 362  92  85  67  85  52  60]
 [ 56  12 130 404 130  81  78 123  58  63]
 [ 48   8 126 376 109  92  66 103  46  58]
 [ 48   8 118 348 103  93  57 101  57  77]
 [ 52  10 115 347 104  89  54  91  49  71]
 [ 41  11 110 308  95  74  57  83  47  66]
 [ 41   7 104 370 101  72  70  92  46  55]
 [ 49  19 135 378  97  96  68  78  52  56]
 [ 41  12 110 347  99  96  70  87  44  68]
 [ 43   5 111 363 107  85  79 101  44  71]]
Confusion matrix difference: Adversarial - Perturbations
[[ 909  -14 -108 -360  -92  -80  -61  -83  -51  -60]
 [ -56 1090 -125 -400 -130  -78  -76 -122  -40  -63]
 [ -35   -2  819 -364  -97  -91  -58  -91  -28  -53]
 [ -43   -7  -97  562 -103  -59  -53  -89  -37  -74]
 [ -51   -9 -108 -344  801  -84  -45  -90  -37  -33]
 [ -28   -9 -105 -277  -84  706  -46  -77  -20  -60]
 [ -27   -4  -99 -369  -91  -55  832  -92  -40  -55]
 [ -45  -13  -98 -368  -89  -95  -68  846  -49  -21]
 [ -31   -8 -101 -318  -91  -70  -59  -79  820  -63]
 [ -32    1 -109 -353  -75  -77  -78  -93  -29  845]]
