Classification report of model
              precision    recall  f1-score   support

           0       0.96      0.99      0.97       980
           1       0.99      0.99      0.99      1135
           2       0.98      0.96      0.97      1032
           3       0.98      0.96      0.97      1010
           4       0.98      0.97      0.97       982
           5       0.97      0.98      0.97       892
           6       0.98      0.98      0.98       958
           7       0.96      0.97      0.97      1028
           8       0.96      0.96      0.96       974
           9       0.96      0.96      0.96      1009

    accuracy                           0.97     10000
   macro avg       0.97      0.97      0.97     10000
weighted avg       0.97      0.97      0.97     10000

Classification report of model (adversarial)
              precision    recall  f1-score   support

           0       0.93      0.97      0.95       980
           1       0.97      0.97      0.97      1135
           2       0.95      0.89      0.92      1032
           3       0.93      0.90      0.91      1010
           4       0.91      0.90      0.91       982
           5       0.91      0.94      0.92       892
           6       0.93      0.95      0.94       958
           7       0.91      0.93      0.92      1028
           8       0.91      0.86      0.88       974
           9       0.87      0.90      0.89      1009

    accuracy                           0.92     10000
   macro avg       0.92      0.92      0.92     10000
weighted avg       0.92      0.92      0.92     10000

Classification report of model (only perturbs)
              precision    recall  f1-score   support

           0       0.00      0.00      0.00       980
           1       0.00      0.00      0.00      1135
           2       0.00      0.00      0.00      1032
           3       0.00      0.00      0.00      1010
           4       0.00      0.00      0.00       982
           5       0.00      0.00      0.00       892
           6       0.00      0.00      0.00       958
           7       0.00      0.00      0.00      1028
           8       0.02      0.06      0.03       974
           9       0.00      0.00      0.00      1009

    accuracy                           0.01     10000
   macro avg       0.00      0.01      0.00     10000
weighted avg       0.00      0.01      0.00     10000

Confusion matrix: True and Predicted
[[ 968    0    1    0    1    1    1    1    5    2]
 [   0 1123    2    1    0    1    4    0    4    0]
 [   9    2  986    5    3    0    1   16   10    0]
 [   2    0    4  974    0   12    0    6   10    2]
 [   2    0    1    0  951    0    4    2    2   20]
 [   5    0    1    7    0  871    5    1    2    0]
 [   8    2    0    0    6    1  939    0    2    0]
 [   2    5    9    3    0    0    0  997    1   11]
 [   6    0    2    4    3    3    3    7  936   10]
 [   4    6    0    3   11   10    0    4    0  971]]
Confusion matrix: True and Adversarial Predicted
[[ 950    1    1    0    1    2   14    3    5    3]
 [   0 1105    2    3    1    0    8    7    9    0]
 [  16    6  921    8   12    0    5   39   21    4]
 [   3    0    5  907    0   53    4    8   22    8]
 [   2    1    6    1  888    0    6    8    5   65]
 [  10    1    2   15    0  835   11    4    6    8]
 [  16    4    3    1   14    6  908    0    6    0]
 [   4    8   19    2    6    1    0  955    5   28]
 [  15    5    8   29   10   11   18   18  836   24]
 [   6    8    0   11   44   13    1   12    1  913]]
Confusion matrix difference: Adversarial - Predicted
[[ -18    1    0    0    0    1   13    2    0    1]
 [   0  -18    0    2    1   -1    4    7    5    0]
 [   7    4  -65    3    9    0    4   23   11    4]
 [   1    0    1  -67    0   41    4    2   12    6]
 [   0    1    5    1  -63    0    2    6    3   45]
 [   5    1    1    8    0  -36    6    3    4    8]
 [   8    2    3    1    8    5  -31    0    4    0]
 [   2    3   10   -1    6    1    0  -42    4   17]
 [   9    5    6   25    7    8   15   11 -100   14]
 [   2    2    0    8   33    3    1    8    1  -58]]
Confusion matrix: True and Perturbations
[[  0  10  68  50   6  29  89  16 690  22]
 [ 54   0 589   5   1  17   7 126 331   5]
 [ 46   1   0 241  28  40  87  46 478  65]
 [ 43   0  95   0   4   0 421  36 370  41]
 [ 18   0 325 210   0  18   0 298 113   0]
 [ 19   0  59 280  42   0  57 126 202 107]
 [  0   0  78 329  77  93   0  73 273  35]
 [  7   0 242 113   0   0  77   0 589   0]
 [ 44  30 600  26  38  10  65  98  63   0]
 [  2   0 470  82   0 116 295  39   5   0]]
Confusion matrix difference: Adversarial - Perturbations
[[ 950   -9  -67  -50   -5  -27  -75  -13 -685  -19]
 [ -54 1105 -587   -2    0  -17    1 -119 -322   -5]
 [ -30    5  921 -233  -16  -40  -82   -7 -457  -61]
 [ -40    0  -90  907   -4   53 -417  -28 -348  -33]
 [ -16    1 -319 -209  888  -18    6 -290 -108   65]
 [  -9    1  -57 -265  -42  835  -46 -122 -196  -99]
 [  16    4  -75 -328  -63  -87  908  -73 -267  -35]
 [  -3    8 -223 -111    6    1  -77  955 -584   28]
 [ -29  -25 -592    3  -28    1  -47  -80  773   24]
 [   4    8 -470  -71   44 -103 -294  -27   -4  913]]
