Classification report of model
              precision    recall  f1-score   support

           0       0.93      0.98      0.96       980
           1       0.97      0.97      0.97      1135
           2       0.93      0.92      0.93      1032
           3       0.91      0.92      0.91      1010
           4       0.93      0.93      0.93       982
           5       0.91      0.89      0.90       892
           6       0.93      0.95      0.94       958
           7       0.95      0.91      0.93      1028
           8       0.89      0.90      0.89       974
           9       0.92      0.91      0.92      1009

    accuracy                           0.93     10000
   macro avg       0.93      0.93      0.93     10000
weighted avg       0.93      0.93      0.93     10000

Classification report of model (adversarial)
              precision    recall  f1-score   support

           0       0.76      0.83      0.80       980
           1       0.81      0.45      0.58      1135
           2       0.44      0.61      0.51      1032
           3       0.38      0.46      0.41      1010
           4       0.56      0.56      0.56       982
           5       0.38      0.42      0.40       892
           6       0.72      0.61      0.66       958
           7       0.64      0.56      0.60      1028
           8       0.38      0.45      0.41       974
           9       0.52      0.40      0.45      1009

    accuracy                           0.54     10000
   macro avg       0.56      0.54      0.54     10000
weighted avg       0.56      0.54      0.54     10000

Classification report of model (only perturbs)
              precision    recall  f1-score   support

           0       0.00      0.00      0.00       980
           1       0.00      0.00      0.00      1135
           2       0.00      0.00      0.00      1032
           3       0.01      0.03      0.02      1010
           4       0.00      0.00      0.00       982
           5       0.00      0.00      0.00       892
           6       0.00      0.00      0.00       958
           7       0.00      0.00      0.00      1028
           8       0.00      0.00      0.00       974
           9       0.00      0.00      0.00      1009

    accuracy                           0.00     10000
   macro avg       0.00      0.00      0.00     10000
weighted avg       0.00      0.00      0.00     10000

Confusion matrix: True and Predicted
[[ 963    0    2    2    0    3    7    1    2    0]
 [   0 1106    3    2    0    2    4    2   16    0]
 [  11    6  951   10   10    1   12    9   19    3]
 [   5    0   21  927    0   22    3   10   18    4]
 [   1    1    5    2  916    2   12    2    8   33]
 [  11    1    1   34    4  792   13    3   27    6]
 [  11    3    4    0   10   15  909    1    5    0]
 [   5    7   29    9    7    2    0  940    2   27]
 [  10    5    6   24    8   21   13    8  874    5]
 [  13    8    2   12   26    7    0   10    9  922]]
Confusion matrix: True and Adversarial Predicted
[[817   0  22  19   5  52  45   9   8   3]
 [  0 509 224  92   1  38   7  78 184   2]
 [ 33  56 634  74  20  19  36  36 108  16]
 [ 21   4  57 466   4 246  28  24 134  26]
 [ 10   1 101  53 549  13  13  52  55 135]
 [ 47   8  37 175  32 373  41  34  97  48]
 [ 68   3 116  15  53  69 588  14  27   5]
 [ 22   6 139  72  34  27   2 576  38 112]
 [ 30  23  69 191  31  80  51  28 441  30]
 [ 20  15  50  80 249  74   6  45  62 408]]
Confusion matrix difference: Adversarial - Predicted
[[-146    0   20   17    5   49   38    8    6    3]
 [   0 -597  221   90    1   36    3   76  168    2]
 [  22   50 -317   64   10   18   24   27   89   13]
 [  16    4   36 -461    4  224   25   14  116   22]
 [   9    0   96   51 -367   11    1   50   47  102]
 [  36    7   36  141   28 -419   28   31   70   42]
 [  57    0  112   15   43   54 -321   13   22    5]
 [  17   -1  110   63   27   25    2 -364   36   85]
 [  20   18   63  167   23   59   38   20 -433   25]
 [   7    7   48   68  223   67    6   35   53 -514]]
Confusion matrix: True and Perturbations
[[  0  67  81 437   7 204 103  17  32  32]
 [ 62   0 369 224   1  39   7 127 302   4]
 [ 51  87   0 416  38  53  90  49 160  88]
 [ 42   7 145  28   8 404  74  39 203  60]
 [ 32   0 356 160   0  18   0 416   0   0]
 [106  12  61 261  42   0  58  45 200 107]
 [110   0 222 330  94  93   0  40  43  26]
 [ 25   0 216 224   0  40  58   0 447  18]
 [ 52  30 163 334  38 188  67  72   0  30]
 [ 23  13 278  82   2 120 468  18   5   0]]
Confusion matrix difference: Adversarial - Perturbations
[[ 817  -67  -59 -418   -2 -152  -58   -8  -24  -29]
 [ -62  509 -145 -132    0   -1    0  -49 -118   -2]
 [ -18  -31  634 -342  -18  -34  -54  -13  -52  -72]
 [ -21   -3  -88  438   -4 -158  -46  -15  -69  -34]
 [ -22    1 -255 -107  549   -5   13 -364   55  135]
 [ -59   -4  -24  -86  -10  373  -17  -11 -103  -59]
 [ -42    3 -106 -315  -41  -24  588  -26  -16  -21]
 [  -3    6  -77 -152   34  -13  -56  576 -409   94]
 [ -22   -7  -94 -143   -7 -108  -16  -44  441    0]
 [  -3    2 -228   -2  247  -46 -462   27   57  408]]
